00000011110000000000010000010011
00000011110000000000010100010011
00000000000001000000010010000011
00000000010000000000001100010011
00000010100000110010111000010011
00000010000011100000001001100011
00000000011001010000010000110011
00000000000001000000111010000011
00000000100111101100100001100011
00000000010000110000001100010011
00000000000011101000010010110011
11111110010111111111111111101111
00000000010000110000001100010011
11111101110111111111111111101111
00000000000000000000000000000000
00000000000000000000010000110011
00000000000000000000000000010111
00000000000001000000111010000011
00000000000000000000000001011100
00000000000000000000000001001110
00000000000000000000000000111101
00000000000000000000000001110101
00000000000000000000000001001000
00000000000000000000000000111000
00000010100000110010111000010011